image_width: 1920
image_height: 1080
camera_name: camera
distortion_model: plumb_bob
camera_matrix:
  rows: 3
  cols: 3
  data: [1430.3300006640086, 0.0, 953.1468082952721, 0.0, 1430.7693019129129, 522.9584967409523, 0.0, 0.0, 1.0]
distortion_coefficients:
  rows: 1
  cols: 5
  data: [-0.3610261962347449, 0.12619104836776723, -0.0006136111531921745, -0.001764590302862821, -0.0201052629824792]
rectification_matrix:
  rows: 3
  cols: 3
  data: [1.0, 0.0, 0.0, 0.0, 1.0, 0.0, 0.0, 0.0, 1.0]
projection_matrix:
  rows: 3
  cols: 4
  data: [1430.3300006640086, 0.0, 953.1468082952721, 0.0, 0.0, 1430.7693019129129, 522.9584967409523, 0.0, 0.0, 0.0, 1.0, 0.0]
